2357136044
2546248239
3071714933
3626093760
3729171009
2678735865
2340255427
2632805477
1819583497
3685339089
2774094101
644794352
1879422756
1277901399
3830135878
243580376
2998569818
29678734
1646868794
1044403139
2393271524
2346867493
2271586391
2061486254
3580055386
1686997841
3975407269
3590930969
1445427791
307726666
1380321803
3789981334
86837363
441254610
2435744753
2969571271
3342157822
602801999
3736673711
2595625154
4203133778
1026978145
3432359896
3439885489
1982038771
2235433757
3352347283
3921878417
507984782
4235423909
2748439840
2499755969
1622858763
2308000441
3051209597
2252124962
3248474909
454869706
774855158
1026945429
129104801
800291326
3325308363
4172200560
1959150775
930076700
3582784032
580757632
1086814594
385021606
2652724277
1650001543
2628931110
2095193322
2649711348
1659957521
4053367119
3876630916
2928395881
1932520490
1544074682
2633087519
1877037944
3875557633
4137673795
426405863
258666409
4165298233
2863741219
3812376164
2880367735
1875421705
903586222
1538251858
1695105369
3224172416
1354754446
2610612835
1562125877
1396067212
2448976505
165035946
1883779156
2724186315
3104702534
4118655750
438279108
3809826093
1903223677
2727557108
692819075
3133399758
2805078884
2499028148
1087879144
773594700
862467469
1032705942
2056961505
3684059832
1824139797
311409613
1481218703
3904143479
3960284759
1362371120
593491249
2202646343
1985685931
4078376611
443339970
3985853789
2518977991
1198620508
1557377026
2675103601
2458623920
3900498982
1553069728
3168367154
3186699871
3771812227
2012841570
2188820010
3188003535
239292784
3739170533
930560663
4182274507
1091958909
1308632834
1897133962
1214646642
4207292971
1523393208
1543802239
264751381
1058260921
509931650
2957777273
359614816
3781615166
1779245987
2937678812
275511419
1938405057
4115516240
3568838316
3573865441
2575256982
1139839185
3326335792
2247333275
2930133516
403471401
3956341818
3615042499
1364118822
3991296778
1192792150
1368243243
40186728
4006836489
2477500928
566067507
3785696594
4083755298
3613725878
1242989696
1137007398
1793962001
1708627118
2519053866
3381503089
1093522874
1848744126
3560270312
1588313677
20166942
1635066906
2911199869
3587871232
1159675395
3022528606
3157634274
1238996843
4132568333
1860958064
1068386600
2241340490
3614907665
560898909
3549961802
3848455578
2457803202
2744145144
958128308
3829197123
3085912814
3926920767
914284044
1929289568
3635297540
4202930115
3004240621
1505196425
1277481980
3294341718
3495235021
761600635
1702979181
2900988747
3784309432
2080028434
2496547992
1345262493
2779871639
3006109036
2974400537
3534599378
4255273662
2833254265
2153171830
3431474551
4106347965
990131795
3772029859
1695950696
1820443552
3663867366
2604439035
2039540475
82434169
2019202374
154931415
4082677789
3976803087
1236911943
239769530
639796634
2654356047
3217659945
701224976
3772923432
1722186932
441794767
1281112843
1403896228
3588303213
514514015
3544940283
3377186179
3608079325
144418678
3811588654
4161659096
2800762237
371519770
1852928067
950315986
2710307565
1612828161
1578666218
417728204
1872025574
4226429219
2690451412
112042748
2322246591
3446824903
4030340053
916675369
1570793762
1567968521
2943035242
1513167060
4073756040
1009297332
3149692649
3612669349
1649028991
3885432476
2587202413
161316328
697901826
2183198235
3650969297
716604633
1538964373
3345998645
3642167603
3714860206
3467408532
1766935477
2444269085
1742548801
1748838947
142689063
1438448779
3212974411
2995433769
1603271575
806571649
1804209966
4241535960
217274290
2579704430
1569793795
4189832991
1078569483
3675647370
991030811
50311597
3285270727
405771429
4054979645
3135285589
4227326563
737143852
317405728
3244996256
962266458
233379873
1455929989
858978536
770904831
79550500
1875760642
3408905675
1990506786
961749189
3756262270
476112567
4054963454
2845748562
3753796796
3025436808
2562615485
1278118275
2358573523
1847686258
2147596579
2669229432
216337755
2479177896
4142925430
1021741860
4262310064
2871047963
1147883843
2636963687
3922784510
2300525347
3712060530
2533644062
3224851485
4276180979
3001080867
1339793554
3387606035
1710346461
1918314582
901272061
2096765696
1805797703
1945625703
4056048524
3586622254
3176346485
934640639
965125184
4167134831
976738395
3929029719
85299365
1373503269
1255337673
1249476500
1865805214
954924947
198822852
2776732357
2990772498
3187520094
616319273
3658925393
771391921
2330014505
105994333
2664424876
1430213783
4200849867
2917969753
1049450736
1948613088
3915196121
3444920395
2607238684
2709794537
4076761555
4253473385
1010362040
1938726530
1958567894
2847899199
2885883154
1130961002
1730736550
88695390
2124812058
2251098998
3786380479
367310273
3884475699
1646964872
2773623736
2526802779
387349855
3569325947
2232142574
3842827605
1141617058
3748006035
1339429448
1174854087
685929813
3427585037
3802496314
797300305
3926164858
4092209012
1959062455
3958843970
1070119881
1931711454
2380448422
3062820891
2125767202
4279323816
3780849422
1090671062
1347298588
916167956
4112220114
2225655108
2026157590
1117373921
3056229242
891077203
1666225029
682639050
3137225277
1607047821
2775684613
1991041280
922905736
52084173
800831951
3527372471
3468530827
3710231556
4215834789
504795484
2898447277
2222126362
48927560
567228212
1758380780
3078888881
4031806937
560740913
848892897
2428466025
2469282320
1793293431
879891746
622116403
1848815516
2096185781
1543315000
1527345067
3101312823
3033019646
1136907006
3287046930
4214428335
4221598293
1404858563
3881446726
933942762
358296629
4224135730
3377753436
4283980089
3517458514
195913370
2991155070
1904427425
1254764090
1232290737
1034351722
3915985355
1571081262
270747405
70564729
3392607812
2851975972
39685799
2877269640
2437541135
2365052666
4227662727
1210021584
4027591418
3524717332
1786212602
1415007821
2200713177
945423882
2493001443
4198309638
3382467793
2758456517
2604792276
312050907
1944137408
4129912380
814604434
2136530234
3774716786
4077293293
2114275991
3036033050
3073311748
3432548964
947708654
3849132083
3043191127
3755038238
2139495990
252408219
2621210134
2640071779
1976072295
2653760185
2180030613
1198222489
3177256223
1491356577
2563261553
636260149
2210536309
4216925107
4230681430
1048471796
2229395717
2136279657
1157716723
2746513545
16026548
441687682
1763050323
1728312442
698876582
3530968785
1279220884
1955712631
582519538
2196098307
1525379452
2103756328
4212073025
420238868
1744274212
2561705030
3586120402
3172553074
1475774383
2985382792
2382070255
3893626216
759669468
2184177241
1543058987
289476925
575512221
1355488918
1296353734
742974475
2189221054
997438043
2836683629
569030051
391092305
229467980
4092548370
4257782899
1201278536
1189411296
2291217633
3309619115
1308169859
1637243534
2056866658
1347657272
1076416385
384842097
3378955651
2349816614
3480744984
1524399033
715739174
1269592418
2223239751
2930487431
2422784257
3696039138
620776059
3122631336
951284157
557329570
93998110
1168425543
4085582105
774441697
1039301114
1295356269
417685168
118635979
1969305013
818786759
2790243232
2398064262
1361306236
2450557535
3662039112
1754314999
184140375
1095167110
2544228289
778037461
3328978137
3923383917
370986307
1786872165
3975171670
4133910597
887317075
2203092445
3639019776
2735224710
3932527705
644193640
766081950
465184459
837177298
3529834245
578741396
568049382
3294189021
452469898
1176952744
309734959
2742368515
833686634
2833224625
728743463
3071669337
3435097162
430592240
330525410
1479869050
2765515094
3791207520
1854870354
2097705242
4157981645
1780553760
2979364209
1754958020
2772703073
1034191022
1292210745
3365742393
1848564402
3397007791
2190505705
149488773
2302864825
617742429
3932662873
2789422481
1729397154
3456278464
16320917
392692399
546207163
1101966028
2967408757
686636708
1810882155
555821758
2741202694
2486452721
2335628786
1402359247
821048476
2366991470
3788339031
1362473952
1432557986
3974206024
4251655640
2760095413
36347673
401405302
2741462292
1830969804
3567870924
489219169
2468243035
3028534322
1944155111
2539638575
2779785171
652867132
2194730429
3744514604
1030879226
2153752938
1293224835
1720456329
2414370505
1861214092
2441603140
463018591
1431084551
3840706478
2538257653
3559071135
3214913292
3938492842
1426624679
955759924
3081116329
3677242192
2472832391
3101890015
2518014531
140418728
3366843203
3725317235
3033150047
902211919
684679909
1546024409
2701098230
3325573479
1711262111
3540066524
805960883
2881916158
1821204654
1384344156
103878512
4265762723
3176565263
4195049442
679653096
714783315
2440297793
2057653451
2063432690
900340095
1063075209
541279090
606737115
3425654169
1801679802
3160753531
45410370
2303281600
3991276229
2921738072
1569213472
4294907596
3522904066
422959804
3130709485
931862180
810282409
1247533009
1403169624
1915414341
999628436
2025812612
4181825055
3001437040
678665095
3249668672
1207358302
2203639772
1304528487
3797119591
1969312888
2339000005
74917231
139437385
949878884
3498886068
1087447885
3311802261
25746938
1079274142
588301904
432002336
496001261
4216110323
2656352506
1050769800
3177237500
2144840984
2576046358
1874608302
1756873957
191399636
1841262738
3571348633
3347708653
3466136695
3844010275
3889204861
3712875904
1580987781
1958469573
874283151
2894992473
2840148809
232549113
1442890420
1505854797
3404905021
3449159499
1098084550
1056833325
3863043463
4001214253
3443784378
2221823146
3667644867
144507273
460049393
3926662202
1837534683
762326106
3532865923
3034715261
3639636941
1781796690
1920468165
2085142203
3154253446
2955855122
2096900804
2294724796
1707393374
197599896
2636007042
2139447367
385562795
1026853287
2885275448
4037389488
1641940406
2554672027
1103039136
4161701778
2994200417
3886723534
3315755760
1810830470
519948213
3723524842
1507453229
1071250928
1583571703
991470206
2102426529
2541598802
2687681951
1002532364
2074666615
2425401135
647428724
1794926627
3400177443
4278702449
1025973846
3250348669
2710663577
565343661
1711814896
1628036971
1607368244
1607589865
922757997
4223174466
3927186510
2028535412
2946773834
1878426000
2701509381
923588101
1272351363
1844816945
2798026062
3604289829
1511272564
483962348
2634231345
3298068847
2385258450
2504077744
2006891315
3326195012
3899106905
2584657075
3775616749
3032056863
2035145218
2218406216
105741908
3608887529
639216961
3620249462
566300180
4270918864
3040482346
396791025
3045441564
840994203
3164570454
788043191
3356360755
1124904641
1385459303
250378762
3594388481
1167078519
81125999
2594666217
966769496
1107017085
3587664756
3309046373
1988561241
4156646468
82895465
3356014344
3201122574
576114539
1644870115
3549722791
1111117991
2174630563
1931801720
1209771296
3027315611
3378319713
3654210776
562499633
569372763
815787472
3160327702
1725346526
109510300
530320969
3276987667
3851185306
4050612890
